1
120
1 120
red to black reset has occurred at root!!!
(120 0 1)
1
22
1 22
(120 0 1)
     [22 0 1]
1
175
1 175
     [175 1 1]
(120 1 1)
     [22 0 1]
1
11
1 11
red to black reset has occurred at root!!!
     (175 1 1)
(120 2 2)
     (22 1 1)
          [11 1 1]
1
70
1 70
     (175 1 1)
(120 2 2)
          [70 0 1]
     (22 1 1)
          [11 1 1]
1
144
1 144
     (175 1 1)
          [144 0 1]
(120 2 2)
          [70 0 1]
     (22 1 1)
          [11 1 1]
1
191
1 191
          [191 1 1]
     (175 2 1)
          [144 0 1]
(120 3 2)
          [70 0 1]
     (22 1 1)
          [11 1 1]
1
44
1 44
          [191 1 1]
     (175 2 1)
          [144 0 1]
(120 3 2)
          (70 0 1)
               [44 0 1]
     [22 1 2]
          (11 1 1)
1
93
1 93
          [191 1 1]
     (175 2 1)
          [144 0 1]
(120 4 2)
               [93 1 1]
          (70 1 1)
               [44 0 1]
     [22 2 2]
          (11 1 1)
1
132
1 132
          (191 1 1)
     [175 2 2]
          (144 0 1)
               [132 0 1]
(120 4 2)
               [93 1 1]
          (70 1 1)
               [44 0 1]
     [22 2 2]
          (11 1 1)
1
167
1 167
          (191 1 1)
     [175 3 2]
               [167 1 1]
          (144 1 1)
               [132 0 1]
(120 5 2)
               [93 1 1]
          (70 1 1)
               [44 0 1]
     [22 2 2]
          (11 1 1)
1
180
1 180
          (191 1 1)
               [180 0 1]
     [175 3 2]
               [167 1 1]
          (144 1 1)
               [132 0 1]
(120 5 2)
               [93 1 1]
          (70 1 1)
               [44 0 1]
     [22 2 2]
          (11 1 1)
1
215
1 215
               [215 1 1]
          (191 2 1)
               [180 0 1]
     [175 4 2]
               [167 1 1]
          (144 1 1)
               [132 0 1]
(120 6 2)
               [93 1 1]
          (70 1 1)
               [44 0 1]
     [22 2 2]
          (11 1 1)
1
33
1 33
red to black reset has occurred at root!!!
               [215 1 1]
          (191 2 1)
               [180 0 1]
     (175 4 2)
               [167 1 1]
          (144 1 1)
               [132 0 1]
(120 7 3)
               (93 1 1)
          [70 2 2]
               (44 1 1)
                    [33 1 1]
     (22 3 2)
          (11 1 1)
1
56
1 56
               [215 1 1]
          (191 2 1)
               [180 0 1]
     (175 4 2)
               [167 1 1]
          (144 1 1)
               [132 0 1]
(120 7 3)
               (93 1 1)
          [70 2 2]
                    [56 0 1]
               (44 1 1)
                    [33 1 1]
     (22 3 2)
          (11 1 1)
1
81
1 81
               [215 1 1]
          (191 2 1)
               [180 0 1]
     (175 4 2)
               [167 1 1]
          (144 1 1)
               [132 0 1]
(120 8 3)
               (93 2 1)
                    [81 1 1]
          [70 3 2]
                    [56 0 1]
               (44 1 1)
                    [33 1 1]
     (22 4 2)
          (11 1 1)
1
115
1 115
               [215 1 1]
          (191 2 1)
               [180 0 1]
     (175 4 2)
               [167 1 1]
          (144 1 1)
               [132 0 1]
(120 9 3)
                    [115 1 1]
               (93 3 1)
                    [81 1 1]
          [70 4 2]
                    [56 0 1]
               (44 1 1)
                    [33 1 1]
     (22 5 2)
          (11 1 1)
1
156
1 156
               [215 1 1]
          (191 2 1)
               [180 0 1]
     (175 4 2)
               (167 1 1)
                    [156 0 1]
          [144 1 2]
               (132 0 1)
(120 9 3)
                    [115 1 1]
               (93 3 1)
                    [81 1 1]
          [70 4 2]
                    [56 0 1]
               (44 1 1)
                    [33 1 1]
     (22 5 2)
          (11 1 1)
1
203
1 203
               (215 2 1)
                    [203 1 1]
          [191 3 2]
               (180 0 1)
     (175 5 2)
               (167 1 1)
                    [156 0 1]
          [144 1 2]
               (132 0 1)
(120 10 3)
                    [115 1 1]
               (93 3 1)
                    [81 1 1]
          [70 4 2]
                    [56 0 1]
               (44 1 1)
                    [33 1 1]
     (22 5 2)
          (11 1 1)
1
68
1 68
 		 ROTATE RIGHT 
 
  		 ROTATE LEFT 
 
                (215 2 1)
                    [203 1 1]
          [191 3 2]
               (180 0 1)
     (175 5 2)
               (167 1 1)
                    [156 0 1]
          [144 1 2]
               (132 0 1)
(120 10 3)
                    [115 1 1]
               (93 3 1)
                    [81 1 1]
          [70 3 2]
                    [68 0 1]
               (56 0 1)
     (44 5 2)
               (33 1 1)
          [22 2 2]
               (11 1 1)
1
105
1 105
               (215 2 1)
                    [203 1 1]
          [191 3 2]
               (180 0 1)
     (175 5 2)
               (167 1 1)
                    [156 0 1]
          [144 1 2]
               (132 0 1)
(120 11 3)
                    (115 2 1)
                         [105 1 1]
               [93 4 2]
                    (81 1 1)
          (70 4 2)
                    [68 0 1]
               (56 0 1)
     [44 6 3]
               (33 1 1)
          (22 2 2)
               (11 1 1)